lambda beta carotin
##Wavelength (nm) Molar Extinction (cm-1/M)
219.74 860669
219.99 866939
220.24 873996
220.49 887103
220.74 901200
220.99 914068
221.24 931102
221.49 952261
221.74 984397
221.99 1006831
222.24 1032652
222.49 1061135
222.74 1081015
222.99 1093144
223.24 1101278
223.49 1095590
223.74 1087870
223.99 1078610
224.24 1055667
224.49 1019649
224.74 984279
224.99 942523
225.24 897948
225.49 847468
225.74 802920
225.99 750521
226.24 704257
226.49 657528
226.74 612102
226.99 568332
227.24 522203
227.49 483550
227.74 445839
227.99 410272
228.24 376479
228.49 346892
228.74 317864
228.99 291931
229.24 267330
229.49 244432
229.74 224462
229.99 206460
230.24 189372
230.49 174797
230.74 162312
230.99 149431
231.24 139576
231.49 129411
231.74 119268
231.99 111778
232.24 104297
232.49 97028
232.74 91749
232.99 85840
233.24 82466
233.49 78359
233.74 74179
233.99 71819
234.24 68531
234.49 65721
234.74 62361
234.99 60073
235.24 57992
235.49 56889
235.74 54353
235.99 52961
236.24 51795
236.49 51443
236.74 49052
236.99 49363
237.24 49200
237.49 48552
237.74 47755
237.99 47755
238.24 47872
238.49 46494
238.74 45877
238.99 45503
239.24 46845
239.49 45570
239.74 46489
239.99 45822
240.24 45151
240.49 45629
240.74 45232
240.99 45426
241.24 44949
241.49 45723
241.74 45863
241.99 44908
242.24 45165
242.49 45219
242.74 44710
242.99 45597
243.24 44814
243.49 45192
243.74 45250
243.99 44863
244.24 44926
244.49 44841
244.74 44660
244.99 44359
245.24 44796
245.49 44260
245.74 45746
245.99 45404
246.24 45917
246.49 45759
246.74 46012
246.99 45386
247.24 45372
247.49 46291
247.74 45656
247.99 46417
248.24 46989
248.49 46750
248.74 47615
248.99 48034
249.24 48313
249.49 48295
249.74 48777
249.99 49601
250.24 49817
250.49 50290
250.74 50169
250.99 49971
251.24 51047
251.49 51475
251.74 52313
251.99 52551
252.24 52416
252.49 54020
252.74 54168
252.99 53988
253.24 53583
253.49 55038
253.74 55213
253.99 55308
254.24 55155
254.49 56299
254.74 56546
254.99 56470
255.24 56546
255.49 56929
255.74 56641
255.99 57726
256.24 58510
256.49 58433
256.74 58609
256.99 58830
257.24 59411
257.49 60199
257.74 59785
257.99 61920
258.24 62595
258.49 63109
258.74 64541
258.99 63901
259.24 64662
259.49 65284
259.74 66779
259.99 66365
260.24 67946
260.49 67734
260.74 69689
260.99 70594
261.24 71004
261.49 72387
261.74 74004
261.99 75368
262.24 75283
262.49 75864
262.74 75738
262.99 77503
263.24 76265
263.49 77116
263.74 77976
263.99 78476
264.24 78827
264.49 79215
264.74 79841
264.99 79246
265.24 79341
265.49 78886
265.74 79652
265.99 80958
266.24 80696
266.49 82030
266.74 82214
266.99 82201
267.24 83273
267.49 84101
267.74 84790
267.99 86502
268.24 87196
268.49 87479
268.74 88029
268.99 89853
269.24 89641
269.49 90925
269.74 93334
269.99 93983
270.24 94415
270.49 95136
270.74 95951
270.99 97046
271.24 98482
271.49 99924
271.74 101248
271.99 101460
272.24 102617
272.49 104198
272.74 104572
272.99 103621
273.24 104112
273.49 103928
273.74 103185
273.99 102324
274.24 103414
274.49 102270
274.74 100802
274.99 100099
275.24 98856
275.49 97528
275.74 98050
275.99 96253
276.24 96469
276.49 97104
276.74 97212
276.99 97663
277.24 98329
277.49 98235
277.74 98523
277.99 98942
278.24 100099
278.49 99757
278.74 101550
278.99 101649
279.24 100933
279.49 102689
279.74 102865
279.99 102743
280.24 103266
280.49 104220
280.74 104018
280.99 103748
281.24 104797
281.49 105247
281.74 105878
281.99 105954
282.24 107324
282.49 108333
282.74 109679
282.99 110400
283.24 111179
283.49 111332
283.74 111499
283.99 110323
284.24 108968
284.49 108432
284.74 106148
284.99 104653
285.24 102905
285.49 99717
285.74 97735
285.99 95681
286.24 92771
286.49 90096
286.74 88344
286.99 85795
287.24 83975
287.49 83147
287.74 80728
287.99 79206
288.24 79071
288.49 78386
288.74 77503
288.99 78206
289.24 77125
289.49 78053
289.74 76715
289.99 77215
290.24 77035
290.49 77913
290.74 77071
290.99 77715
291.24 76454
291.49 76783
291.74 74440
291.99 75175
292.24 73260
292.49 72198
292.74 71828
292.99 71576
293.24 71725
293.49 71535
293.74 70918
293.99 70319
294.24 70306
294.49 71035
294.74 70603
294.99 70896
295.24 70797
295.49 70783
295.74 69067
295.99 67986
296.24 66658
296.49 64874
296.74 62600
296.99 61176
297.24 59316
297.49 56191
297.74 53763
297.99 50912
298.24 48412
298.49 44381
298.74 41994
298.99 39296
299.24 36734
299.49 34342
299.74 32923
299.99 31887
300.24 30667
300.49 29343
300.74 27352
300.99 28383
301.24 26834
301.49 25902
301.74 24852
301.99 23951
302.24 23591
302.49 22627
302.74 22717
302.99 22136
303.24 21889
303.49 22100
303.74 22961
303.99 21911
304.24 20664
304.49 20551
304.74 20934
304.99 19150
305.24 20736
305.49 19983
305.74 21087
305.99 20245
306.24 18448
306.49 18254
306.74 17547
306.99 16808
307.24 16777
307.49 16434
307.74 16232
307.99 17605
308.24 16551
308.49 17214
308.74 16664
308.99 16218
309.24 16601
309.49 16939
309.74 16205
309.99 19488
310.24 16412
310.49 17713
310.74 18520
310.99 12223
311.24 14417
311.49 16669
311.74 18119
311.99 15633
312.24 15871
312.49 14016
312.74 15961
312.99 15457
313.24 13570
313.49 16808
313.74 15669
313.99 14421
314.24 16033
314.49 14642
314.74 16385
314.99 13471
315.24 14871
315.49 17218
315.74 15943
315.99 17722
316.24 13056
316.49 16376
316.74 14218
316.99 13444
317.24 15043
317.49 14808
317.74 12493
317.99 14142
318.24 13034
318.49 11939
318.74 13980
318.99 15398
319.24 12804
319.49 14115
319.74 14277
319.99 15561
320.24 16313
320.49 14525
320.74 13642
320.99 11989
321.24 13939
321.49 14367
321.74 14759
321.99 12133
322.24 13624
322.49 14430
322.74 8715
322.99 14687
323.24 13741
323.49 11989
323.74 10408
323.99 12457
324.24 13241
324.49 12881
324.74 12376
324.99 13309
325.24 14390
325.49 12120
325.74 13155
325.99 12120
326.24 13552
326.49 12597
326.74 13300
326.99 11822
327.24 16074
327.49 14097
327.74 13498
327.99 12624
328.24 14426
328.49 12291
328.74 11822
328.99 13106
329.24 13863
329.49 13056
329.74 11061
329.99 14421
330.24 14417
330.49 13083
330.74 15079
330.99 13691
331.24 12201
331.49 15858
331.74 14128
331.99 14903
332.24 14727
332.49 12435
332.74 13052
332.99 14660
333.24 15223
333.49 13520
333.74 12002
333.99 13655
334.24 14056
334.49 13705
334.74 12313
334.99 14272
335.24 14295
335.49 16786
335.74 14813
335.99 13565
336.24 15128
336.49 14200
336.74 14241
336.99 13975
337.24 12165
337.49 12854
337.74 16070
337.99 12939
338.24 14484
338.49 14727
338.74 16151
338.99 16245
339.24 14529
339.49 15313
339.74 15655
339.99 13791
340.24 13822
340.49 16466
340.74 14390
340.99 15889
341.24 13714
341.49 12903
341.74 11899
341.99 13854
342.24 11629
342.49 13813
342.74 14853
342.99 15475
343.24 13944
343.49 13637
343.74 14529
343.99 14056
344.24 14466
344.49 14957
344.74 14079
344.99 13953
345.24 16088
345.49 14678
345.74 12854
345.99 14944
346.24 13219
346.49 16070
346.74 14556
346.99 15281
347.24 13998
347.49 15043
347.74 15038
347.99 15565
348.24 14723
348.49 15164
348.74 13660
348.99 14002
349.24 14480
349.49 15579
349.74 14678
349.99 15786
350.24 15880
350.49 16146
350.74 14390
350.99 15020
351.24 15007
351.49 15502
351.74 14209
351.99 16236
352.24 16880
352.49 14142
352.74 14709
352.99 15254
353.24 14678
353.49 16052
353.74 15038
353.99 13822
354.24 15281
354.49 14601
354.74 14588
354.99 16583
355.24 15187
355.49 16678
355.74 15232
355.99 15380
356.24 15466
356.49 17695
356.74 15534
356.99 17934
357.24 17358
357.49 16344
357.74 15511
357.99 15781
358.24 17137
358.49 16813
358.74 16587
358.99 15664
359.24 16673
359.49 14529
359.74 15412
359.99 15412
360.24 15714
360.49 16862
360.74 15723
360.99 17907
361.24 16574
361.49 17502
361.74 17295
361.99 16673
362.24 17141
362.49 17795
362.74 16178
362.99 17646
363.24 18047
363.49 17975
363.74 17389
363.99 16786
364.24 16745
364.49 18614
364.74 17331
364.99 17686
365.24 19191
365.49 18857
365.74 17056
365.99 19529
366.24 20862
366.49 18862
366.74 19281
366.99 19776
367.24 20452
367.49 19727
367.74 19623
367.99 18574
368.24 21010
368.49 19911
368.74 20812
368.99 20028
369.24 22623
369.49 22425
369.74 21695
369.99 21609
370.24 21308
370.49 22456
370.74 21591
370.99 21555
371.24 22578
371.49 22956
371.74 23033
371.99 23641
372.24 24204
372.49 24150
372.74 24123
372.99 25019
373.24 23528
373.49 23469
373.74 25523
373.99 25361
374.24 24298
374.49 25068
374.74 25244
374.99 26555
375.24 26762
375.49 25352
375.74 26244
375.99 26451
376.24 26654
376.49 27352
376.74 26591
376.99 27451
377.24 27424
377.49 28518
377.74 27892
377.99 28577
378.24 28338
378.49 29059
378.74 29298
378.99 29928
379.24 29253
379.49 30090
379.74 29847
379.99 29757
380.24 32072
380.49 30329
380.74 29325
380.99 32432
381.24 30365
381.49 30424
381.74 32013
381.99 31068
382.24 32824
382.49 32959
382.74 34991
382.99 31968
383.24 33045
383.49 33599
383.74 34049
383.99 34923
384.24 33482
384.49 34774
384.74 36216
384.99 35004
385.24 36008
385.49 35981
385.74 36450
385.99 35626
386.24 36828
386.49 36954
386.74 38242
386.99 37833
387.24 37616
387.49 38977
387.74 38472
387.99 38454
388.24 39576
388.49 38796
388.74 40656
388.99 40003
389.24 40733
389.49 40107
389.74 42683
389.99 41850
390.24 42098
390.49 40931
390.74 42791
390.99 43976
391.24 44219
391.49 44246
391.74 45836
391.99 45904
392.24 44570
392.49 46881
392.74 47948
392.99 46849
393.24 47448
393.49 48187
393.74 48863
393.99 50925
394.24 50723
394.49 50916
394.74 49691
394.99 50151
395.24 51164
395.49 52340
395.74 52096
395.99 51624
396.24 54218
396.49 53326
396.74 53754
396.99 55420
397.24 55465
397.49 54529
397.74 55632
397.99 56407
398.24 57528
398.49 57091
398.74 56961
398.99 59213
399.24 58726
399.49 59208
399.74 59109
399.99 58312
400.24 60258
400.49 60744
400.74 60505
400.99 61185
401.24 62154
401.49 61483
401.74 61023
401.99 62302
402.24 61348
402.49 61676
402.74 62717
402.99 62919
403.24 62879
403.49 64248
403.74 63455
403.99 63627
404.24 65315
404.49 64874
404.74 65644
404.99 66126
405.24 65203
405.49 66360
405.74 65117
405.99 66631
406.24 66333
406.49 67063
406.74 68004
406.99 68117
407.24 68063
407.49 68108
407.74 68747
407.99 68189
408.24 71153
408.49 69270
408.74 70999
408.99 70135
409.24 71612
409.49 72414
409.74 73071
409.99 73202
410.24 73179
410.49 73873
410.74 74963
410.99 75463
411.24 75206
411.49 75805
411.74 76260
411.99 76634
412.24 78287
412.49 77485
412.74 78656
412.99 78692
413.24 80233
413.49 79859
413.74 81250
413.99 80426
414.24 82710
414.49 83723
414.74 83723
414.99 82223
415.24 83354
415.49 83633
415.74 85885
415.99 86389
416.24 86750
416.49 88132
416.74 88398
416.99 88259
417.24 90065
417.49 89979
417.74 90416
417.99 91672
418.24 92141
418.49 93294
418.74 92389
418.99 94789
419.24 94744
419.49 95321
419.74 96519
419.99 97374
420.24 97712
420.49 97825
420.74 98014
420.99 99496
421.24 99347
421.49 99527
421.74 99527
421.99 100442
422.24 100955
422.49 101784
422.74 102153
422.99 103176
423.24 103428
423.49 103626
423.74 103468
423.99 103338
424.24 103757
424.49 104738
424.74 105297
424.99 105923
425.24 105756
425.49 105819
425.74 106126
425.99 106094
426.24 106166
426.49 105085
426.74 105711
426.99 105774
427.24 106162
427.49 107071
427.74 107080
427.99 106824
428.24 107193
428.49 106770
428.74 108269
428.99 107216
429.24 107855
429.49 107589
429.74 107445
429.99 106824
430.24 107324
430.49 107711
430.74 109035
430.99 107571
431.24 108634
431.49 108661
431.74 107621
431.99 109040
432.24 108008
432.49 108801
432.74 109179
432.99 109801
433.24 109459
433.49 109341
433.74 110170
433.99 110003
434.24 110116
434.49 109801
434.74 111197
434.99 111436
435.24 110805
435.49 112053
435.74 111643
435.99 113197
436.24 112742
436.49 113008
436.74 115215
436.99 114129
437.24 113994
437.49 115435
437.74 116111
437.99 116147
438.24 116593
438.49 117701
438.74 118205
438.99 117944
439.24 118453
439.49 119908
439.74 119529
439.99 120966
440.24 120948
440.49 121295
440.74 122556
440.99 123367
441.24 124087
441.49 124380
441.74 125105
441.99 126781
442.24 124200
442.49 126961
442.74 127037
442.99 127835
443.24 128785
443.49 127609
443.74 129172
443.99 130510
444.24 130758
444.49 130731
444.74 131604
444.99 132086
445.24 132609
445.49 132721
445.74 132582
445.99 135095
446.24 135649
446.49 133969
446.74 134676
446.99 135383
447.24 136428
447.49 135964
447.74 136752
447.99 136270
448.24 137604
448.49 138288
448.74 137329
448.99 136698
449.24 137464
449.49 139171
449.74 139342
449.99 138730
450.24 138243
450.49 139356
450.74 138590
450.99 139500
451.24 137541
451.49 138509
451.74 138342
451.99 137401
452.24 137887
452.49 137820
452.74 136518
452.99 137572
453.24 136653
453.49 136000
453.74 135915
453.99 135550
454.24 135437
454.49 133577
454.74 134036
454.99 133122
455.24 134000
455.49 132424
455.74 133253
455.99 130983
456.24 131816
456.49 131920
456.74 129028
456.99 129478
457.24 129087
457.49 129015
457.74 126893
457.99 126808
458.24 125736
458.49 125065
458.74 125335
458.99 124367
459.24 123227
459.49 122187
459.74 121966
459.99 121173
460.24 119818
460.49 119651
460.74 119435
460.99 118336
461.24 118070
461.49 116665
461.74 116818
461.99 116273
462.24 114805
462.49 114057
462.74 113998
462.99 113535
463.24 113904
463.49 112882
463.74 111368
463.99 112332
464.24 111233
464.49 111436
464.74 109504
464.99 110148
465.24 110386
465.49 109990
465.74 109431
465.99 110161
466.24 110139
466.49 108369
466.74 108981
466.99 107995
467.24 107450
467.49 107445
467.74 107661
467.99 108432
468.24 107621
468.49 108796
468.74 107517
468.99 107607
469.24 108378
469.49 107977
469.74 108251
469.99 108427
470.24 108792
470.49 108900
470.74 108157
470.99 109283
471.24 109350
471.49 109805
471.74 109094
471.99 109197
472.24 109319
472.49 109058
472.74 109940
472.99 110148
473.24 110472
473.49 110071
473.74 111864
473.99 111409
474.24 110747
474.49 111733
474.74 111134
474.99 112395
475.24 112972
475.49 112566
475.74 112521
475.99 111765
476.24 111747
476.49 111792
476.74 112778
476.99 110404
477.24 112314
477.49 112476
477.74 113111
477.99 112368
478.24 111850
478.49 110445
478.74 111517
478.99 110711
479.24 110828
479.49 110382
479.74 109873
479.99 110769
480.24 110166
480.49 108936
480.74 108427
480.99 108409
481.24 108837
481.49 107270
481.74 105716
481.99 106765
482.24 105491
482.49 104711
482.74 103712
482.99 104356
483.24 103198
483.49 102941
483.74 101518
483.99 100162
484.24 99802
484.49 98491
484.74 98960
484.99 96757
485.24 96248
485.49 95622
485.74 94663
485.99 95114
486.24 93803
486.49 91772
486.74 91551
486.99 89497
487.24 89529
487.49 85826
487.74 86646
487.99 85047
488.24 85115
488.49 83304
488.74 81021
488.99 80611
489.24 80399
489.49 79075
489.74 77318
489.99 76107
490.24 74945
490.49 74323
490.74 72553
490.99 70999
491.24 71265
491.49 70590
491.74 68027
491.99 66887
492.24 65180
492.49 64514
492.74 63618
492.99 62996
493.24 59983
493.49 59379
493.74 57789
493.99 58560
494.24 55605
494.49 55024
494.74 54200
494.99 52736
495.24 52376
495.49 50371
495.74 50218
495.99 49926
496.24 48696
496.49 47142
496.74 46525
496.99 45332
497.24 44390
497.49 42030
497.74 41454
497.99 40458
498.24 41260
498.49 37598
498.74 37044
498.99 36337
499.24 35968
499.49 34621
499.74 33729
499.99 32662
500.24 32135
500.49 32657
500.74 30180
500.99 29933
501.24 28100
501.49 27982
501.74 27437
501.99 26257
502.24 24960
502.49 25203
502.74 24942
502.99 24686
503.24 23118
503.49 22375
503.74 21353
503.99 20673
504.24 19871
504.49 20407
504.74 18155
504.99 19186
505.24 19596
505.49 17912
505.74 16619
505.99 16867
506.24 16880
506.49 15628
506.74 15205
506.99 15434
507.24 14736
507.49 13628
507.74 13016
507.99 13286
508.24 13223
508.49 13417
508.74 12363
508.99 11259
509.24 11800
509.49 10606
509.74 9760
509.99 10985
510.24 10440
510.49 9751
510.74 10277
510.99 9890
511.24 9287
511.49 9683
511.74 8845
511.99 8039
512.24 7296
512.49 7192
512.74 7215
512.99 7994
513.24 7449
513.49 6850
513.74 7003
513.99 7147
514.24 6652
514.49 7490
514.74 6341
514.99 6539
515.24 5129
515.49 5084
515.74 4206
515.99 4963
516.24 4859
516.49 5557
516.74 5490
516.99 4585
517.24 4828
517.49 4278
517.74 4301
517.99 4350
518.24 5098
518.49 4562
518.74 4062
518.99 4589
519.24 3778
519.49 3220
519.74 3639
519.99 3386
520.24 3319
520.49 2850
520.74 3823
520.99 4305
521.24 3666
521.49 3400
521.74 1900
521.99 4188
522.24 2418
522.49 3350
522.74 2116
522.99 2670
523.24 3585
523.49 2535
523.74 3355
523.99 1621
524.24 2661
524.49 2306
524.74 2441
524.99 2026
525.24 1990
525.49 2706
525.74 2319
525.99 1806
526.24 2026
526.49 3058
526.74 2233
526.99 319
527.24 1873
527.49 2814
527.74 2837
527.99 1999
528.24 1612
528.49 2143
528.74 1977
528.99 3026
529.24 1549
529.49 1180
529.74 1508
529.99 2229
530.24 2040
530.49 824
530.74 1607
530.99 1562
531.24 2260
531.49 1157
531.74 1193
531.99 1810
532.24 675
532.49 1837
532.74 801
532.99 1801
533.24 2405
533.49 963
533.74 743
533.99 540
534.24 1688
534.49 1288
534.74 1806
534.99 454
535.24 2053
535.49 1603
535.74 1896
535.99 1184
536.24 -67
536.49 1423
536.74 1697
536.99 986
537.24 653
537.49 247
537.74 157
537.99 -405
538.24 1022
538.49 797
538.74 1495
538.99 2062
539.24 999
539.49 1634
539.74 -229
539.99 2143
540.24 571
540.49 1797
540.74 1274
540.99 909
541.24 1355
541.49 1391
541.74 1567
541.99 1157
542.24 855
542.49 571
542.74 810
542.99 1229
543.24 1130
543.49 1035
543.74 1198
543.99 571
544.24 1279
544.49 319
544.74 1283
544.99 702
545.24 774
545.49 0
545.74 1265
545.99 963
546.24 -297
546.49 819
546.74 427
546.99 1923
547.24 495
547.49 1238
547.74 405
547.99 1292
548.24 882
548.49 657
548.74 567
548.99 900
549.24 1851
549.49 1202
549.74 1373
549.99 1369
550.24 1756
550.49 1153
550.74 851
550.99 1675
551.24 729
551.49 1279
551.74 806
551.99 -495
552.24 508
552.49 544
552.74 1013
552.99 621
553.24 229
553.49 972
553.74 1697
553.99 234
554.24 27
554.49 1490
554.74 369
554.99 747
555.24 1963
555.49 585
555.74 1756
555.99 13
556.24 1107
556.49 -58
556.74 783
556.99 1490
557.24 -337
557.49 1860
557.74 666
557.99 459
558.24 117
558.49 977
558.74 310
558.99 1026
559.24 -3
559.49 1576
559.74 900
559.99 -1184
560.24 774
560.49 936
560.74 360
560.99 801
561.24 -819
561.49 1580
561.74 63
561.99 1112
562.24 571
562.49 833
562.74 283
562.99 -211
563.24 1035
563.49 252
563.74 792
563.99 -481
564.24 288
564.49 540
564.74 31
564.99 1585
565.24 -94
565.49 1427
565.74 675
565.99 1252
566.24 1499
566.49 -977
566.74 648
566.99 -198
567.24 1549
567.49 1089
567.74 680
567.99 -423
568.24 198
568.49 878
568.74 189
568.99 193
569.24 576
569.49 1022
569.74 630
569.99 653
570.24 481
570.49 270
570.74 216
570.99 1216
571.24 873
571.49 -756
571.74 1589
571.99 175
572.24 909
572.49 -499
572.74 1134
572.99 472
573.24 1162
573.49 1702
573.74 36
573.99 1026
574.24 1130
574.49 896
574.74 1058
574.99 972
575.24 1107
575.49 702
575.74 1454
575.99 1116
576.24 1562
576.49 707
576.74 1130
576.99 1576
577.24 364
577.49 18
577.74 666
577.99 175
578.24 905
578.49 364
578.74 2161
578.99 684
579.24 1342
579.49 130
579.74 923
579.99 833
580.24 1116
580.49 666
580.74 27
580.99 1189
581.24 454
581.49 139
581.74 -414
581.99 481
582.24 2022
582.49 743
582.74 594
582.99 657
583.24 1026
583.49 1630
583.74 207
583.99 319
584.24 553
584.49 1166
584.74 716
584.99 1107
585.24 -72
585.49 815
585.74 1382
585.99 1445
586.24 860
586.49 535
586.74 819
586.99 355
587.24 400
587.49 626
587.74 -121
587.99 1175
588.24 1116
588.49 788
588.74 -198
588.99 1490
589.24 1279
589.49 -499
589.74 1049
589.99 103
590.24 481
590.49 1153
590.74 1396
590.99 -193
591.24 999
591.49 364
591.74 972
591.99 891
592.24 -31
592.49 810
592.74 1171
592.99 626
593.24 959
593.49 1143
593.74 297
593.99 558
594.24 -94
594.49 918
594.74 504
594.99 1022
595.24 626
595.49 211
595.74 490
595.99 1391
596.24 220
596.49 617
596.74 261
596.99 346
597.24 828
597.49 162
597.74 121
597.99 36
598.24 184
598.49 1360
598.74 1022
598.99 630
599.24 1116
599.49 1819
599.74 -45
599.99 734
600.24 522
600.49 558
600.74 887
600.99 81
601.24 1373
601.49 297
601.74 1427
601.99 -603
602.24 81
602.49 1351
602.74 891
602.99 635
603.24 963
603.49 -247
603.74 1058
603.99 936
604.24 1688
604.49 -162
604.74 1342
604.99 680
605.24 963
605.49 567
605.74 1171
605.99 1238
606.24 693
606.49 1517
606.74 526
606.99 792
607.24 436
607.49 1508
607.74 -328
607.99 -144
608.24 1567
608.49 914
608.74 702
608.99 891
609.24 535
609.49 1261
609.74 495
609.99 1630
610.24 486
610.49 1116
610.74 1274
610.99 1130
611.24 914
611.49 1022
611.74 1504
611.99 441
612.24 1216
612.49 279
612.74 729
612.99 1693
613.24 968
613.49 1234
613.74 851
613.99 698
614.24 873
614.49 1040
614.74 617
614.99 684
615.24 1472
615.49 608
615.74 779
615.99 -139
616.24 1851
616.49 1391
616.74 1540
616.99 463
617.24 1080
617.49 450
617.74 1058
617.99 1067
618.24 819
618.49 783
618.74 747
618.99 603
619.24 1454
619.49 896
619.74 1243
619.99 1743
620.24 535
620.49 1607
620.74 -198
620.99 1026
621.24 535
621.49 54
621.74 1121
621.99 432
622.24 1243
622.49 846
622.74 918
622.99 662
623.24 2058
623.49 207
623.74 508
623.99 869
624.24 -13
624.49 1387
624.74 950
624.99 1779
625.24 1017
625.49 1369
625.74 720
625.99 346
626.24 2076
626.49 319
626.74 1495
626.99 1202
627.24 1274
627.49 2175
627.74 743
627.99 1977
628.24 680
628.49 1292
628.74 1234
628.99 1914
629.24 626
629.49 27
629.74 1882
629.99 535
630.24 1495
630.49 1171
630.74 720
630.99 571
631.24 1049
631.49 680
631.74 788
631.99 1981
632.24 738
632.49 801
632.74 986
632.99 837
633.24 1265
633.49 1481
633.74 1896
633.99 738
634.24 990
634.49 729
634.74 968
634.99 1684
635.24 963
635.49 2310
635.74 743
635.99 1071
636.24 1247
636.49 617
636.74 2139
636.99 1688
637.24 1432
637.49 1004
637.74 788
637.99 1234
638.24 761
638.49 806
638.74 743
638.99 1589
639.24 1490
639.49 2116
639.74 1774
639.99 936
640.24 1612
640.49 1193
640.74 977
640.99 720
641.24 1238
641.49 1657
641.74 900
641.99 1603
642.24 761
642.49 878
642.74 599
642.99 585
643.24 1891
643.49 1684
643.74 2022
643.99 1634
644.24 873
644.49 342
644.74 1373
644.99 346
645.24 1774
645.49 1107
645.74 977
645.99 1909
646.24 468
646.49 1171
646.74 662
646.99 1837
647.24 274
647.49 562
647.74 932
647.99 621
648.24 648
648.49 815
648.74 1220
648.99 1022
649.24 1067
649.49 828
649.74 373
649.99 553
650.24 828
650.49 1116
650.74 1752
650.99 297
651.24 2085
651.49 45
651.74 1103
651.99 562
652.24 1234
652.49 540
652.74 581
652.99 400
653.24 1288
653.49 644
653.74 423
653.99 1472
654.24 490
654.49 684
654.74 1571
654.99 1094
655.24 535
655.49 198
655.74 454
655.99 666
656.24 445
656.49 234
656.74 544
656.99 1594
657.24 806
657.49 941
657.74 797
657.99 914
658.25 234
658.5 819
658.75 873
659 36
659.25 1481
659.5 1306
659.75 662
660 454
660.25 1013
660.5 945
660.75 -108
661 1504
661.25 472
661.5 1004
661.75 391
662 -67
662.25 648
662.5 -139
662.75 869
663 306
663.25 1400
663.5 1116
663.75 887
664 1040
664.25 391
664.5 378
664.75 -337
665 666
665.25 562
665.5 112
665.75 806
666 544
666.25 1508
666.5 90
666.75 211
667 378
667.25 -441
667.5 540
667.75 486
668 562
668.25 -36
668.5 247
668.75 423
669 -486
669.25 225
669.5 918
669.75 1049
670 1409
670.25 549
670.5 477
670.75 369
671 283
671.25 891
671.5 171
671.75 49
672 387
672.25 1008
672.5 405
672.75 67
673 -175
673.25 905
673.5 -139
673.75 558
674 945
674.25 959
674.5 450
674.75 508
675 234
675.25 297
675.5 -13
675.75 -49
676 414
676.25 382
676.5 -103
676.75 1013
677 639
677.25 513
677.5 -58
677.75 1661
678 -153
678.25 40
678.5 130
678.75 639
679 941
679.25 -477
679.5 -108
679.75 180
680 472
680.25 765
680.5 -297
680.75 1220
681 684
681.25 450
681.5 234
681.75 310
682 -54
682.25 279
682.5 261
682.75 499
683 -135
683.25 517
683.5 -2
683.75 94
684 72
684.25 680
684.5 -108
684.75 279
685 513
685.25 -328
685.5 594
685.75 126
686 675
686.25 103
686.5 387
686.75 927
687 -310
687.25 364
687.5 306
687.75 756
688 810
688.25 725
688.5 54
688.75 40
689 720
689.25 409
689.5 657
689.75 315
690 599
690.25 373
690.5 -247
690.75 490
691 54
691.25 540
691.5 -126
691.75 -549
692 486
692.25 788
692.5 -234
692.75 -162
693 171
693.25 409
693.5 477
693.75 -981
694 157
694.25 99
694.5 1071
694.75 -648
695 -58
695.25 477
695.5 220
695.75 211
696 -171
696.25 126
696.5 666
696.75 166
697 743
697.25 387
697.5 -130
697.75 716
698 409
698.25 4
698.5 774
698.75 1639
699 252
699.25 396
699.5 -454
699.75 -148
700 1436
